1
1
36
1.212929 -0.029961 -0.119537 0.079483 -0.097674 -0.009354 -0.009853 -0.065639 0.005055 -0.036030 -0.088522 0.149740 -0.015311 0.011933 0.019211 0.014332 -0.109614 -0.017418 -0.056737 0.027080 0.052145 0.001537 -0.234862 0.039832 0.055221 0.038884 -0.052470 -0.036493 -0.089352 0.168664 0.063183 -0.081564 0.017894 0.176193 -0.120653 -0.194909 
-0.185439 0.679905 0.046098 -0.052528 0.021859 -0.070549 0.076202 -0.106965 0.201235 0.082563 -0.177642 0.165746 -0.029229 -0.017955 -0.069906 0.006279 0.126619 0.054670 -0.052054 0.001639 0.150311 0.172479 0.054502 0.019432 -0.204992 -0.087816 0.091593 0.021943 0.012456 0.051388 0.167741 0.007205 0.123331 -0.013332 -0.129224 -0.289589 
-0.129022 -0.086759 1.119414 -0.108372 -0.069771 0.175460 0.003493 -0.011058 -0.203639 -0.050822 -0.076773 -0.044351 0.089337 0.031577 -0.102356 0.046340 0.041570 0.033921 0.055149 0.025739 -0.173616 -0.015972 -0.087313 0.145182 -0.253180 0.110523 -0.031044 0.136859 0.059087 -0.021852 0.012690 0.008734 -0.055430 -0.128254 0.255559 -0.081185 
-0.201998 0.058768 -0.060088 0.634321 0.146242 -0.105530 -0.004528 -0.002272 0.195902 0.048635 0.160455 -0.027746 -0.033763 0.037004 0.359281 0.051492 -0.197548 0.438304 -0.081529 0.230516 0.197765 0.166256 0.255162 0.046726 -0.141487 -0.198563 0.256089 -0.171116 0.213021 0.039247 -0.250175 -0.022412 0.124095 0.084519 0.238077 0.664459 
0.023547 -0.066396 0.004027 0.026616 0.934923 0.086956 0.025248 0.019433 -0.025339 0.029492 0.012515 -0.068996 0.018711 -0.021237 -0.024413 -0.011434 -0.002292 -0.053806 -0.049670 0.013525 0.005730 -0.011864 0.036130 0.044287 0.040355 0.029738 -0.012247 0.032237 -0.058567 -0.021023 -0.016929 0.000118 -0.020937 0.030240 0.184737 -0.107046 
-0.018200 -0.042225 0.020513 0.000426 -0.019931 0.684093 0.008346 -0.034217 -0.032552 0.022389 0.011397 -0.022908 0.026102 0.079588 -0.002301 -0.034348 0.085578 0.000857 0.018573 -0.011405 -0.016995 0.031233 -0.024792 -0.042711 -0.002014 -0.004513 -0.007361 -0.051250 0.005716 -0.038706 0.021776 -0.071354 -0.015974 0.019419 -0.004894 -0.023394 
0.040479 0.031250 0.049357 -0.038100 -0.069945 0.009798 0.693998 -0.076675 0.020612 0.045907 0.021482 0.034239 -0.023172 -0.078983 0.107331 -0.027714 0.063574 -0.015997 0.046118 -0.015275 0.020526 0.011945 -0.118564 0.111341 -0.016888 0.041791 -0.004647 -0.049640 0.041481 -0.049626 0.009823 -0.040659 -0.033705 -0.103279 0.025161 0.039479 
-0.048335 -0.036866 -0.006783 0.005306 0.282116 0.089149 -0.070317 0.578957 0.049331 0.033932 -0.020111 -0.104558 0.012133 0.196734 0.087935 0.006500 -0.211267 0.074333 0.011725 0.017268 -0.019494 -0.024045 0.089983 -0.000756 0.041995 -0.077626 0.025563 -0.208383 0.019240 0.078144 -0.046577 0.089536 0.097450 -0.027046 0.217128 0.108180 
-0.271190 0.199771 -0.018436 0.177711 -0.054613 -0.127365 0.057813 0.075658 1.161885 0.156595 0.229497 -0.236205 -0.112346 -0.082543 0.037143 0.078262 -0.052372 0.109290 -0.038450 0.084030 -0.160660 0.263123 0.226212 0.189919 0.104545 0.077729 0.163695 -0.109903 0.151942 -0.054815 0.038111 -0.091850 -0.018537 0.146540 0.117048 0.487786 
0.028479 0.038396 0.013875 -0.062202 0.048058 0.057324 -0.041681 0.177699 0.055552 0.762434 -0.002228 0.056613 -0.041857 -0.031217 0.060673 0.032319 -0.155900 -0.013129 0.214861 -0.006953 0.019614 -0.047867 0.054935 -0.013484 0.182075 -0.034263 -0.022025 0.206145 -0.073697 -0.061502 0.009542 -0.055117 -0.061389 0.023364 -0.030536 0.056970 
0.410874 0.076016 -0.199045 0.059710 0.135564 0.129684 0.074147 0.098238 0.064761 0.021314 1.232526 0.141538 -0.045314 0.033468 0.050009 0.123979 -0.052492 -0.216305 -0.080199 -0.006904 -0.091997 -0.113758 -0.160745 0.079883 0.381375 0.055680 -0.048466 0.251386 -0.111327 -0.318748 0.155190 -0.007921 -0.181925 0.030376 0.121677 0.267840 
-0.014271 0.085710 0.043373 -0.139728 -0.073156 0.094420 0.019856 0.024972 0.065058 -0.216145 -0.029232 0.806561 0.028079 0.054313 -0.071638 0.071454 0.170624 0.030617 0.042327 -0.084074 -0.037545 0.065129 0.082643 0.064876 -0.029850 0.045602 -0.001131 -0.046144 -0.025054 -0.034498 -0.035762 0.194775 0.109894 -0.015692 0.018099 0.167817 
-0.003540 0.047473 0.312928 -0.042314 -0.035370 -0.052013 -0.074760 -0.249123 -0.000099 -0.110143 -0.206486 0.063921 0.592629 0.037982 -0.063230 0.017200 -0.087555 -0.078047 -0.122745 -0.015093 -0.087139 -0.089914 0.097753 0.135949 -0.306838 0.045647 0.158049 0.001604 0.059122 0.055796 -0.255494 0.028135 -0.016614 -0.112684 0.039108 -0.168133 
-0.011837 -0.053065 -0.040592 0.014249 0.030820 0.160834 -0.106728 0.043692 0.019452 -0.015512 0.008134 -0.026897 0.025981 0.846839 -0.128829 0.012750 0.051338 -0.034053 0.025633 0.012426 0.004388 0.016284 -0.016088 -0.008502 0.013915 0.021565 -0.027263 0.068583 -0.024620 -0.005411 0.009416 -0.016816 0.016822 -0.004848 0.087836 0.014998 
-0.048341 0.007858 -0.056486 0.018067 -0.023831 -0.059807 0.044435 0.045551 0.018190 0.030365 0.018473 0.033874 0.012081 -0.191285 0.704260 0.005787 -0.082741 -0.014562 0.010521 -0.032711 0.057253 0.034864 -0.081669 0.076760 0.086483 0.030851 0.004101 -0.054002 0.034752 0.073509 -0.023087 -0.011424 0.046304 -0.027803 -0.128606 0.075601 
0.342152 0.098462 0.752390 -0.531183 0.003985 0.102752 -0.095012 0.166914 0.533329 0.183623 -0.579851 0.504862 -0.041728 -0.193805 0.192584 0.894301 0.198831 0.210812 0.355459 -0.286461 -0.134086 0.340713 0.120103 0.781750 -0.377660 -0.298066 0.267187 -0.603478 -0.215203 -0.062855 -0.135533 0.213774 0.049856 0.329245 0.637414 -0.704388 
-0.003681 -0.015065 -0.063169 0.022904 0.068323 -0.043728 -0.044620 0.003131 -0.011735 -0.015188 -0.013872 -0.052459 -0.015363 0.076213 -0.150078 -0.018077 0.506307 -0.105847 0.080312 0.000305 0.025511 -0.016614 0.112767 -0.004591 0.017472 0.013409 0.012493 0.113677 -0.033987 -0.032625 0.063008 -0.006437 -0.007029 0.085520 0.064784 -0.101008 
0.059049 -0.039993 0.066331 0.000810 0.087039 -0.104200 0.096124 -0.044304 -0.033456 0.054579 -0.055394 -0.073716 0.012336 -0.056275 -0.011996 0.019649 -0.224759 0.581660 0.059035 0.005906 0.008593 0.106669 -0.025518 0.024382 -0.010051 -0.030648 0.052760 -0.049793 0.056708 0.010414 0.050399 0.002906 -0.007606 -0.126400 0.102539 -0.128409 
0.042277 0.022380 0.069213 0.022099 -0.108818 0.035076 -0.048913 0.048560 -0.044434 -0.009931 -0.015113 0.016822 0.027763 0.037851 -0.078934 0.051250 -0.102320 0.030184 0.301544 -0.008407 -0.069339 -0.024772 -0.011901 0.020670 -0.037184 0.045451 -0.010386 -0.043264 0.003851 -0.079966 0.005431 0.103122 0.018745 -0.033799 -0.035298 0.030703 
-0.157714 0.116428 0.642161 0.134893 0.072648 -0.073376 -0.224802 -0.311917 -0.456984 -0.006350 0.030687 -0.346176 0.168164 0.327188 -0.121651 -0.094604 -0.069403 0.128783 0.119506 0.646939 -0.125414 -0.554371 0.164815 0.095436 -0.108112 -0.117554 0.228092 0.438749 0.298993 -0.488441 0.088555 -0.298916 -0.019077 -0.153755 0.399019 -0.466934 
-0.246681 -0.182137 0.143267 -0.108394 0.063158 -0.109768 0.057914 -0.102954 0.100413 0.009584 -0.328224 0.242805 0.051758 0.161808 -0.110639 -0.042889 0.162390 0.096063 -0.127292 -0.213503 0.953573 0.085795 0.271318 -0.166825 -0.252692 -0.095499 0.170528 -0.020972 0.207075 0.252925 -0.167356 -0.074898 0.025862 -0.183532 -0.318687 0.017537 
-0.130487 0.030157 0.056738 -0.182555 -0.154275 -0.029685 0.033529 0.104751 0.045182 0.006536 -0.026544 -0.077154 0.010788 0.307844 -0.022389 0.003778 0.079744 0.054731 0.006103 -0.014776 0.016313 0.385319 0.004378 0.352440 0.060240 0.012904 -0.018803 -0.218062 0.060535 -0.100660 -0.049336 0.154751 0.144179 -0.261879 0.046127 0.297387 
-0.080200 -0.013033 0.145833 -0.001449 0.094732 -0.031865 -0.046008 -0.010905 0.038986 -0.014649 -0.064902 0.040602 0.027281 -0.060491 0.081421 0.016191 0.005588 0.053123 -0.005651 -0.028008 0.023481 -0.010067 0.576578 -0.066822 -0.055099 -0.051949 0.027777 -0.016530 0.030251 0.090321 -0.005061 0.112738 -0.012950 0.086634 0.092644 0.052467 
0.062832 -0.007444 0.023911 0.029081 0.198060 -0.189547 0.064640 0.034535 -0.085835 0.032370 0.149836 -0.030638 0.015356 -0.225329 -0.094921 -0.009051 0.118496 -0.080708 -0.043299 -0.007388 -0.131899 0.093058 -0.324437 0.664377 0.162731 0.089289 -0.139582 -0.059745 -0.089638 -0.132751 0.065426 0.111386 -0.007354 -0.014560 -0.001134 0.045594 
-0.068564 0.100340 -0.075453 0.044389 0.065170 -0.046173 0.031755 0.049432 0.026466 0.057604 -0.012981 -0.066452 0.001951 0.048582 0.149048 0.001247 0.031270 0.036141 -0.132031 -0.041889 0.112891 -0.039912 0.072041 -0.051358 0.342537 -0.029838 -0.081570 -0.107059 -0.027005 0.077013 0.000028 0.036060 -0.116529 -0.024221 0.058750 -0.035938 
-0.034979 0.059349 0.258700 -0.020538 -0.110091 0.115551 -0.133900 0.055683 -0.123666 -0.032531 -0.055107 0.071674 0.077417 -0.081750 0.002752 0.105208 0.149968 -0.041512 0.069425 0.035315 0.051262 0.016133 0.086338 0.054966 -0.119926 0.377415 0.100283 -0.157674 0.077750 -0.155833 -0.004098 0.023785 -0.067016 -0.021944 0.059554 0.198699 
-0.135149 -0.050475 0.166361 -0.081091 -0.157971 0.008457 0.089812 -0.076437 -0.041345 -0.211860 -0.308067 0.090309 -0.015254 -0.196600 -0.108016 -0.099617 0.118573 0.038709 -0.089954 -0.001032 0.056039 0.021942 0.095704 0.229049 -0.286933 0.164733 0.759321 -0.069772 0.197172 0.078249 -0.085320 0.010158 -0.077036 0.016437 0.054725 -0.173184 
0.027064 0.023544 -0.062477 0.114530 -0.003882 -0.012771 -0.143451 -0.260599 -0.002331 0.180560 -0.025695 0.093498 0.004994 0.054944 -0.044161 -0.026996 -0.101525 0.008740 -0.107941 0.061460 0.026249 0.051343 0.040126 -0.049485 -0.070833 0.025765 0.013106 0.512473 -0.064500 -0.006244 -0.061598 -0.005084 -0.095521 0.129292 -0.129884 -0.006140 
-0.001836 0.046474 -0.005390 0.211086 -0.020124 0.027213 0.102461 -0.051297 0.180883 -0.122776 -0.170051 -0.132257 0.041932 0.156495 0.061925 -0.062336 0.168257 0.218859 -0.062859 0.125327 -0.012235 -0.138035 0.082041 0.057803 -0.163250 -0.079414 0.127903 0.015710 0.470022 0.175569 -0.054423 -0.230555 0.162578 0.056245 -0.224028 0.061834 
0.727141 -0.195405 -0.083346 0.300269 -0.095104 0.142337 0.009944 0.108203 -0.395222 -0.064529 -0.065452 -0.065038 0.030104 0.099789 -0.190044 0.029066 -0.060148 -0.069601 0.052791 0.015916 0.174645 -0.073627 -0.111830 0.026593 -0.098573 0.121037 -0.244731 -0.009014 -0.130578 0.848351 0.262877 -0.088586 0.089981 -0.225677 -0.085957 -0.604082 
0.217801 0.132629 -0.097315 -0.043218 -0.007358 -0.033949 -0.002470 0.111365 0.264187 0.039226 -0.033190 -0.118733 -0.214323 0.045260 0.136259 0.223636 0.122120 0.107552 0.041803 0.074942 -0.032222 0.077849 0.071818 0.045341 0.179036 0.110314 0.074991 -0.413136 -0.013759 -0.075880 0.773317 -0.089973 0.059182 -0.131873 0.452917 0.045690 
0.027173 -0.018015 0.018782 0.083829 -0.153534 0.003837 -0.031703 -0.000490 -0.059738 -0.061604 -0.042446 0.080717 0.009931 -0.049501 0.130699 -0.004989 0.030332 0.014238 -0.004063 0.014269 0.014167 -0.108925 -0.092364 0.212326 0.090226 -0.055352 0.066428 -0.107244 0.107706 -0.033917 0.011871 0.746939 -0.141757 0.068899 -0.170383 -0.253872 
0.056038 0.096266 -0.025322 -0.026490 -0.393708 -0.273371 -0.033257 0.044276 0.000737 0.056724 0.051944 -0.048038 -0.041629 -0.430563 -0.168929 -0.042357 0.232420 0.050824 0.091091 -0.022007 0.015887 -0.126259 0.036991 -0.041256 0.071784 0.046771 0.016002 -0.201521 0.066396 0.074350 0.112323 -0.157809 0.779978 0.280905 -0.090122 -0.137980 
-0.028462 -0.059785 0.035754 0.012140 0.047764 0.050130 -0.113285 -0.017689 -0.046450 -0.132365 0.026170 -0.148931 -0.020969 0.050981 0.087210 0.027489 0.085786 -0.037164 0.046052 -0.046971 -0.056424 0.091664 0.022325 -0.035476 0.011328 0.048965 0.032544 -0.022500 -0.010814 -0.114763 0.112595 0.070809 -0.196828 0.643065 -0.135320 -0.068818 
-0.023470 -0.000766 -0.015127 -0.017420 0.045541 0.067537 -0.018632 0.030495 0.022760 -0.084042 0.021147 -0.013166 -0.000384 0.148982 -0.083184 -0.020656 0.055993 0.007746 -0.050393 0.044958 -0.035961 -0.023069 0.044710 0.000215 -0.012773 0.005545 -0.010519 -0.003508 0.003537 -0.018551 -0.023034 -0.049895 -0.065192 0.177384 0.658451 0.015102 
-0.062742 -0.009701 -0.057696 0.200872 0.084154 0.043690 0.035140 0.004917 -0.041502 0.025966 0.157709 -0.117854 -0.055667 -0.056919 -0.037216 -0.110714 -0.039962 -0.020733 -0.131126 0.129513 0.001449 -0.060105 -0.190355 -0.095487 0.012057 0.027269 -0.131554 0.172743 0.095447 -0.075030 0.028007 -0.109461 -0.067713 0.090815 0.004552 0.744938 
-12.963089 1.237883 0.219780 3.213115 -1.569524 -1.531213 -2.281862 0.785951 -0.355053 -2.027622 -10.261715 -1.417518 -0.575943 -0.789619 2.479327 -14.833696 -0.333149 -1.858714 -1.906191 -2.161499 3.060428 0.898285 1.868171 -1.348710 0.650907 -0.873571 4.092514 0.675762 -0.445282 -4.368205 -5.023000 -0.453445 0.437433 -0.632092 0.408154 0.130620 
1.0 1.0 1.0 1.0 1.0 1.0 1.0 1.0 1.0 1.0 1.0 1.0 1.0 1.0 1.0 1.0 1.0 1.0 1.0 1.0 1.0 1.0 1.0 1.0 1.0 1.0 1.0 1.0 1.0 1.0 1.0 1.0 1.0 1.0 1.0 1.0 
